gene	EEP	MEP	LEP	ESP	LSP	gap	25C	gap	Cold shock (15C)	pH3 shock	pH5.8 shock	NaCl shock	Bile shock	Low Fe2+ shock	Anaerobic shock	gap	Anaerobic growth	Oxygen shock	gap	NonSPI2	InSPI2	InSPI2 LowMg2+	Peroxide shock (InSPI2)	Nitric oxide shock (InSPI2)	gap	Macrophage 	Common gene name	Gene Synonym	Type	Start position (4/74)	End position (4/74)	Strand	Product (EMBL DB)	4-74 ID	SL1344 Locus ID
tpke11	108	346	53	69	10		74		342	37	159	560	278	486	113		51	160		157	230	66	107	149		184	tpke11		sRNA	13507	13591	+			SL1344_tpke11
STnc890	62	438	89	248	114		94		382	143	201	844	438	491	495		142	208		223	281	373	106	1572		67	STnc890		sRNA	14720	14783	+			SL1344_STnc890
STnc3200	9	10	18	48	33		11		0	20	14	7	12	20	82		40	11		20	52	24	22	68		3	STnc3200		sRNA	16445	16493	-			SL1344_STnc3200
STnc3210	9	10	39	10	88		8		19	4	20	90	13	17	10		14	41		20	69	377	6	86		15	STnc3210		sRNA	17025	17111	+			SL1344_STnc3210
STnc1010	157	261	338	544	1325		61		238	368	213	345	307	230	466		314	170		360	407	754	610	605		111	STnc900		sRNA	41629	41708	+			SL1344_STnc1010
STnc3220	91	66	72	65	38		118		252	150	64	137	69	76	119		79	48		47	43	72	156	112		39	STnc3220		sRNA	61807	62034	+			SL1344_STnc3220
STnc3090	7	10	7	7	1		9		5	12	22	5	1	14	9		6	8		14	209	167	25	16		254	STnc3090		sRNA	66916	67048	+			SL1344_STnc3090
STnc4160	23	30	27	62	79		14		9	23	23	30	1	34	44		52	51		49	78	28	56	50		81	STnc4160		sRNA	66912	67051	-			SL1344_STnc4160
DapZ	559	1603	10189	31715	4078		1805		1720	2866	1256	1491	1123	1653	3133		11134	16358		9461	4347	4150	10776	12728		317	DapZ	STnc1020STnc820	sRNA	74847	74924	+			SL1344_DapZ
STnc3230	30	37	131	143	148		119		10	52	31	141	81	90	87		122	165		45	107	488	60	161		26	STnc3230		sRNA	74894	75015	-			SL1344_STnc3230
STnc470	58	56	135	405	497		64		54	103	90	492	80	78	113		134	135		736	3211	6270	2031	1460		1481	STnc910		sRNA	94653	94741	-			SL1344_STnc470
STnc4170	79	51	63	52	33		66		124	94	73	212	42	112	92		97	93		134	105	130	98	334		83	STnc4170		sRNA	95102	95188	+			SL1344_STnc4170
STnc3240	47	67	60	65	13		37		84	63	72	44	40	95	99		85	65		38	103	102	62	103		53	STnc3240		sRNA	101322	101483	-			SL1344_STnc3240
STnc4180	57	212	122	101	2		72		249	546	486	81	26	134	63		36	70		114	137	56	52	45		15	STnc4180		sRNA	109243	109322	-			SL1344_STnc4180
SroA	5491	25363	18734	10433	2886		12651		31385	51698	40279	7918	282	26775	25247		8195	5259		3686	5763	1749	3558	3516		1176	tpe79		sRNA	126713	126802	-			SL1344_SroA
SgrS	167	518	335	678	129		364		588	728	321	689	384	516	1018		597	407		531	343	399	499	756		159	ryaA		sRNA	128577	128808	+			SL1344_SgrS
STnc1500	26	37	59	127	55		36		24	64	43	112	9	50	89		99	109		74	186	105	79	83		58	STnc1500		sRNA	138100	138274	-			SL1344_STnc1500
tp2	1	0	1	2	2		1		3	0	0	0	1	0	6		3	2		1	6	5	2	6		3	tp2		sRNA	176086	176242	-			SL1344_tp2
STnc4190	44	55	35	23	4		48		54	27	26	69	22	73	62		32	26		37	43	51	18	68		14	STnc4190		sRNA	209868	209971	-			SL1344_STnc4190
STnc3250	177	140	12	24	55		194		150	231	130	110	353	413	32		20	43		81	8	8	357	33		98	STnc3250		sRNA	223451	223676	-			SL1344_STnc3250
STnc1510	58	98	113	186	57		45		122	93	137	167	46	179	337		187	77		69	125	199	295	344		41	STnc1510		sRNA	237091	237187	+			SL1344_STnc1510
STnc3100	84	128	134	137	271		87		106	92	108	236	150	116	165		141	136		136	148	203	69	156		129	STnc3100		sRNA	245838	245954	+			SL1344_STnc3100
STnc3110	39	42	89	127	274		71		61	80	57	154	49	50	96		88	104		59	163	323	114	165		214	STnc3110		sRNA	249153	249274	+			SL1344_STnc3110
t44	2913	2498	2164	451	8		1965		1854	575	2065	1586	1872	1790	348		379	1570		1940	1399	472	170	218		1321	t44		sRNA	254126	254264	+			SL1344_t44
sRNA1	387	776	579	657	608		428		525	699	890	351	428	659	636		812	508		492	797	329	566	467		262	sRNA1		sRNA	257725	257790	+			SL1344_sRNA1
STnc920	474	654	431	331	26		428		444	424	442	1012	389	585	380		239	351		514	412	329	226	203		171	STnc920		sRNA	259116	259164	+			SL1344_STnc920
IsrA	0	0	1	0	0		2		2	1	0	0	0	0	0		0	0		0	0	0	0	0		4	IsrA		sRNA	338816	339238	+			SL1344_IsrA
STnc1030	7	6	7	8	2		2		6	8	15	9	9	12	13		10	7		5	5	8	4	14		8	STnc1030		sRNA	350892	351095	+			SL1344_STnc1030
STnc1040	10	6	8	10	0		12		9	3	6	25	7	15	6		5	5		10	14	3	0	9		14	STnc1040		sRNA	351053	351100	-			SL1344_STnc1040
STnc3270	52	52	33	42	36		52		88	92	54	173	95	69	141		46	41		92	58	59	110	157		28	STnc3270		sRNA	376115	376194	+			SL1344_STnc3270
STnc1700	37	35	54	77	112		79		52	78	76	199	32	48	10		88	132		77	190	162	56	119		55	STnc1700		sRNA	386381	386476	+			SL1344_STnc1700
STnc3280	48	65	50	57	12		77		88	141	78	110	69	99	153		70	56		79	91	121	89	177		37	STnc3280		sRNA	418391	418463	-			SL1344_STnc3280
STnc4150	9	11	35	32	166		17		6	18	23	75	17	44	51		44	59		34	32	83	44	136		8	STnc4150		sRNA	436953	437082	-			SL1344_STnc4150
STnc1060	563	1045	1970	3228	2502		1750		2501	1808	1316	3056	244	1410	1873		2229	1851		1990	2867	4361	2506	4103		577	STnc1060		sRNA	466718	466783	-			SL1344_STnc1060
SraA	3	10	7	10	2		10		6	15	23	16	9	15	19		9	10		12	12	14	10	14		5	psrA/t15		sRNA	504870	504976	-			SL1344_SraA
STnc930	61	66	73	56	149		157		74	76	57	75	64	85	155		145	64		99	81	96	316	149		60	STnc930		sRNA	514484	514578	+			SL1344_STnc930
STnc3130	29	61	101	208	142		38		42	51	55	106	1	73	152		211	142		154	230	77	163	267		135	STnc3130		sRNA	545302	545385	-			SL1344_STnc3130
ChiX	52110	39115	50115	73894	88734		34173		61321	73598	44130	49089	30618	41532	56016		44739	35215		88325	68655	119989	148301	181449		25576	MicM SroB RybC		sRNA	555450	555566	+			SL1344_ChiX
STnc950	15	40	73	165	25		19		36	19	23	20	9	35	91		45	56		61	92	89	24	108		6	STnc950		sRNA	569023	569074	+			SL1344_STnc950
STnc480	56	215	357	660	342		161		245	191	162	315	204	204	384		310	219		439	309	685	425	638		9	STnc970		sRNA	587347	587412	-			SL1344_STnc480
STnc1870	8	22	4	3	30		10		15	1	7	8	5	13	1		14	3		8	16	6	7814	10		9	STnc1870		sRNA	617317	617426	+			SL1344_STnc1870
STnc3180	10	28	27	44	18		0		6	29	30	33	0	17	14		42	48		13	294	238	57	34		76	STnc3180		sRNA	668611	668719	+			SL1344_STnc3180
STnc070	1296	3155	2795	2204	144		1061		1758	1780	4919	2308	1420	2762	2509		4397	10386		1868	4040	1656	8010	3381		1378	STnc070		sRNA	669642	669793	+			SL1344_STnc070
sRNA10	129	149	193	208	530		121		168	85	234	167	142	184	236		339	189		256	590	1021	292	429		420	sRNA10		sRNA	679315	679410	-			SL1344_sRNA10
STnc3550	16	17	35	34	21		9		16	22	19	19	10	16	88		51	28		22	76	91	33	26		13	STnc3550		sRNA	689844	689990	-			SL1344_STnc3550
SroC	78	518	2338	2250	1845		190		417	847	300	426	694	561	497		124	374		723	585	111	907	532		749	SroC		sRNA	728172	728324	-			SL1344_SroC
STnc3290	22	22	32	38	34		25		36	21	36	79	30	42	43		38	60		92	152	213	120	123		86	STnc3290		sRNA	738320	738476	+			SL1344_STnc3290
STnc3300	31	46	68	73	151		39		64	110	49	158	126	67	240		50	54		67	36	96	144	135		41	STnc3300		sRNA	748530	748639	-			SL1344_STnc3300
sRNA9	1116	778	593	312	38		815		988	611	747	1216	627	574	227		302	542		709	388	359	634	525		556	sRNA9		sRNA	756377	756436	-			SL1344_sRNA9
RybD	211	1107	3320	3368	257		1009		1098	904	899	812	1327	1377	2288		807	1196		1342	714	731	1281	1616		202	RybD	STnc830	sRNA	807346	807429	+			SL1344_RybD
STnc3340	53	69	29	29	4		49		63	49	79	455	78	101	52		33	65		73	26	52	92	123		28	STnc3340		sRNA	863329	863391	-			SL1344_STnc3340
STnc980	40	40	21	21	36		22		21	28	109	77	54	55	25		65	92		15	26	96	79	105		45	STnc980		sRNA	889558	889714	-			SL1344_STnc980
RybA	523	318	830	713	2756		582		4395	2045	446	3916	747	516	81		222	1277		281	1414	2638	7687	2342		1801	RybA		sRNA	901301	901397	-			SL1344_RybA
STnc1200	430	1037	825	2798	166		549		320	912	907	996	60	1201	1529		1400	1263		1257	1397	578	1527	1621		656	STnc1200		sRNA	924769	924838	-			SL1344_STnc1200
STnc1710	73	76	110	237	833		137		191	167	116	201	42	99	123		158	168		108	89	243	350	233		84	STnc1710		sRNA	932197	932336	+			SL1344_STnc1710
RybB	430	582	412	316	5212		631		1577	479	337	1332	600	291	745		1190	270		519	764	11615	813	1171		2001	p25		sRNA	941815	941893	-			SL1344_RybB
STnc490	0	0	0	0	0		0		0	0	0	0	0	0	0		0	0		0	0	0	0	0		0	STnc490		sRNA	981622	981711	-			SL1344_STnc490
STnc3310	155	146	138	121	150		168		170	146	166	175	161	143	188		201	168		160	166	290	139	288		86	STnc3310		sRNA	1009199	1009379	-			SL1344_STnc3310
STnc3330	0	2	10	27	6		0		4	15	4	0	14	4	182		29	1		0	1	6	10	3		5	STnc3330		sRNA	1024493	1024591	-			SL1344_STnc3330
STnc3350	67	72	45	69	19		84		58	157	49	29	68	61	88		41	64		104	103	83	83	176		6	STnc3350		sRNA	1047936	1048028	+			SL1344_STnc3350
STnc4200	108	124	94	43	26		193		553	149	130	195	104	145	210		128	94		136	102	179	127	291		64	STnc4200		sRNA	1055773	1055892	+			SL1344_STnc4200
IsrB-2	0	1	6	2	0		1		0	2	1	2	5	6	8		6	6		1	0	0	0	0		0	IsrB-2		sRNA	1060740	1060833	-			SL1344_IsrB-2
IsrB-1	354	436	494	1061	136		419		292	450	400	827	52	455	436		473	413		1227	542	376	808	676		333	IS092		sRNA	1060741	1060835	+			SL1344_IsrB-1
STnc1080	1171	1091	1056	1947	168		1253		662	641	915	1768	115	1282	1028		1358	1582		3334	1694	1290	2173	2127		1402	STnc1080		sRNA	1062745	1062806	-			SL1344_STnc1080
STnc3390	11	1	8	10	2		3		20	12	8	12	7	7	37		28	9		8	18	401	15	31		15	STnc3390		sRNA	1113731	1113815	-			SL1344_STnc3390
STnc1880	236	144	146	63	42		324		669	223	163	236	122	151	239		162	124		99	84	173	121	210		74	STnc1880		sRNA	1153745	1153841	+			SL1344_STnc1880
STnc3400	17	17	27	37	29		20		43	48	24	60	17	21	9		34	44		20	79	115	18	31		29	STnc3400		sRNA	1154915	1154976	+			SL1344_STnc3400
STnc500	117	163	3428	1053	618		95		179	442	152	225	169	178	691		4419	1930		465	273	340	403	514		178	STnc500		sRNA	1172561	1172641	-			SL1344_STnc500
STnc3040	9	12	22	21	83		18		17	12	14	104	12	19	42		21	28		19	11	41	48	88		9	STnc3040		sRNA	1198646	1198752	+			SL1344_STnc3040
STnc840	469	573	840	1201	460		266		608	222	332	1887	157	315	958		963	661		1682	102	692	1249	1738		44	STnc840		sRNA	1224244	1224316	+			SL1344_STnc840
SraB	807	735	658	307	38		457		584	531	589	333	349	527	622		851	703		532	668	659	216	716		232	pke2		sRNA	1231270	1231378	+			SL1344_SraB
STnc850	91	98	199	517	4287		184		74	149	178	1144	151	147	151		162	469		210	333	269	303	347		151	STnc850		sRNA	1252598	1252673	+			SL1344_STnc850
STnc1090	39	50	42	26	13		27		62	37	34	71	56	63	90		71	56		54	56	144	35	116		58	STnc1090		sRNA	1252560	1252626	-			SL1344_STnc1090
STnc3410	48	231	216	266	78		107		159	273	309	116	27	257	341		432	227		151	535	364	264	321		42	STnc3410		sRNA	1254996	1255077	-			SL1344_STnc3410
STnc150	35	29	42	45	67		79		50	60	30	83	55	51	50		69	52		50	144	320	64	90		267	STnc150		sRNA	1282521	1282677	-			SL1344_STnc150
IsrC	4	2	7	8	6		4		4	3	8	24	5	2	9		9	17		6	11	6	7	8		16	IS102		sRNA	1285998	1286285	+			SL1344_IsrC
STnc3420	7	6	26	21	39		16		30	15	16	32	20	10	38		27	15		22	13	34	27	32		13	STnc3420		sRNA	1289667	1289799	-			SL1344_STnc3420
STnc520	273	538	1703	4539	61		352		129	581	868	921	437	795	760		3213	5234		458	517	298	692	439		287	STnc520		sRNA	1290590	1290674	-			SL1344_STnc520
STnc1760	59	48	55	73	175		47		70	125	59	35	22	73	111		99	67		41	57	67	137	79		12	STnc1760		sRNA	1292835	1292935	-			SL1344_STnc1760
STnc1210	228	401	217	778	661		452		250	369	365	925	18	745	767		312	304		268	352	249	209	697		284	STnc1210		sRNA	1292956	1293014	+			SL1344_STnc1210
STnc1990	105	110	176	89	91		128		152	128	158	392	241	173	168		124	177		138	156	181	133	348		65	STnc1990		sRNA	1294841	1294974	+			SL1344_STnc1990
STnc3430	60	63	64	72	51		16		85	53	73	102	49	72	107		81	87		45	176	130	138	175		59	STnc3430		sRNA	1294946	1295057	-			SL1344_STnc3430
IsrD	0	0	0	1	0		0		0	0	0	0	0	0	0		5	0		0	0	0	0	1		1	IsrD		sRNA	1302591	1302641	-			SL1344_IsrD
STnc3440	19	21	103	66	161		14		19	6	16	55	60	30	35		65	108		53	242	347	18	162		32	STnc3440		sRNA	1303294	1303380	+			SL1344_STnc3440
RyhB-2	161	109	22	37	7831		103		230	247	103	115	776	3328	41		24	46		217	12	10	3253	318		3127	isrE RfrB		sRNA	1309727	1309937	-			SL1344_RyhB-2
STnc1480	11	13	67	268	31		14		9	17	33	56	10	15	49		77	56		35	989	4064	205	61		3007	STnc1480		sRNA	1316874	1317268	+			SL1344_STnc1480
STnc1640	30	114	400	1090	1300		111		141	299	180	273	15	160	534		739	485		131	201	125	118	207		157	STnc1640		sRNA	1345883	1345970	+			SL1344_STnc1640
STnc2010	17	29	63	101	43		19		24	37	40	32	43	24	58		96	54		58	63	96	40	132		32	STnc2010		sRNA	1353832	1353959	+			SL1344_STnc2010
STnc3570	262	234	198	174	20		163		374	334	411	278	158	409	474		352	169		209	437	307	554	492		122	STnc3570		sRNA	1359017	1359183	-			SL1344_STnc3570
STnc3460	135	115	83	60	63		111		151	90	158	144	125	80	62		85	84		87	55	140	179	114		91	STnc3460		sRNA	1363846	1363967	+			SL1344_STnc3460
STnc4210	2	13	341	1508	2401		8		26	29	22	93	6	41	63		716	989		63	292	438	190	398		90	STnc4210		sRNA	1363925	1363997	-			SL1344_STnc4210
STnc540	286	350	406	982	327		302		282	580	469	417	293	371	491		655	529		349	850	407	362	488		449	sRNA14		sRNA	1376271	1376364	+			SL1344_STnc540
RprA	265	725	1343	3679	27864		1766		554	956	1609	15701	2213	661	1015		1638	2430		3954	1574	1135	2290	2037		307	IS083		sRNA	1401682	1401790	-			SL1344_RprA
RydB	127	178	263	517	123		181		223	414	304	100	31	278	341		763	255		651	646	888	485	785		826	tpe7 IS082		sRNA	1407278	1407371	+			SL1344_RydB
STnc1220	2	2	12	34	329		0		0	7	2	96	13	5	12		14	13		4	17	104	17	73		8	STnc1220		sRNA	1448718	1448790	-			SL1344_STnc1220
STnc4220	459	597	554	585	73		525		450	737	1026	278	218	648	259		257	575		920	918	516	587	238		111	STnc4220		sRNA	1464776	1464870	-			SL1344_STnc4220
STnc3500	8	10	16	29	58		12		14	10	8	61	21	13	44		46	20		17	35	74	88	69		11	STnc3500		sRNA	1495398	1495512	+			SL1344_STnc3500
STnc3510	24	41	104	57	23		23		23	36	55	37	42	61	65		59	68		68	53	28	21	60		16	STnc3510		sRNA	1506482	1506596	-			SL1344_STnc3510
STnc3480	65	79	66	32	5		219		47	113	132	25	31	59	35		23	37		28	23	23	12	23		16	STnc3480		sRNA	1519287	1519547	+			SL1344_STnc3480
MgrR	6438	5176	7288	8240	6888		8192		7785	8019	9124	7195	6596	5109	5054		6875	4267		12860	12147	12613	14545	12686		7203	MgrR	STnc560	sRNA	1550746	1550844	+			SL1344_MgrR
STnc2170	51	51	28	31	22		51		42	57	198	205	274	110	91		48	33		51	35	101	74	180		18	STnc2170		sRNA	1553669	1553737	-			SL1344_STnc2170
STnc3530	60	63	76	48	6		64		65	60	90	92	105	74	25		11	71		107	77	56	43	47		27	STnc3530		sRNA	1564332	1564503	+			SL1344_STnc3530
IsrF	13	26	23	22	3		31		24	27	16	37	27	29	36		28	22		23	25	17	27	27		19	IsrF		sRNA	1586724	1587013	-			SL1344_IsrF
STnc3540	65	87	154	192	12		36		88	92	114	38	117	166	112		156	144		133	183	132	62	73		86	STnc3540		sRNA	1605727	1605912	-			SL1344_STnc3540
STnc1110	199	217	372	682	891		239		118	173	125	273	189	222	182		418	510		288	272	691	130	326		81	STnc1110		sRNA	1643465	1643658	+			SL1344_STnc1110
RyjB	256	397	564	1307	839		281		138	266	323	488	122	474	770		1089	918		1029	2028	850	1101	1180		1751	RyjB	STnc1120	sRNA	1662190	1662282	-			SL1344_RyjB
RydC	8199	7810	5968	9422	7794		2908		9218	20508	9642	8530	6397	6965	11490		3901	2978		27345	8919	10235	30153	34986		3837	IS067		sRNA	1686526	1686591	+			SL1344_RydC
MicC	90	79	103	235	109		110		74	69	73	113	58	71	54		145	293		251	147	132	68	123		117	IS063 tke8		sRNA	1702531	1702639	-			SL1344_MicC
FnrS	26	44	90	2505	13		53		66	75	42	66	97	38	15974		17012	123		59	50	61	32	104		112	FnrS	STnc580	sRNA	1706784	1706905	-			SL1344_FnrS
STnc2030	0	5	9	30	817		8		0	6	10	32	2	5	3		12	10		8	6	10	3	20		6	STnc2030		sRNA	1784673	1784725	+			SL1344_STnc2030
STnc1270	543	471	639	265	40		601		637	758	744	498	550	531	390		703	424		329	519	608	211	330		177	STnc1270		sRNA	1789368	1789691	-			SL1344_STnc1270
STnc3580	55	42	92	83	131		35		91	82	93	194	51	87	206		148	54		108	46	38	184	217		21	STnc3580		sRNA	1798747	1798826	+			SL1344_STnc3580
STnc3600	11	11	12	15	19		3		6	7	16	99	17	16	16		18	18		66	24	57	89	81		8	STnc3600		sRNA	1812121	1812328	+			SL1344_STnc3600
STnc2040	2	4	8	192	42		2		0	3	4	3	0	2	709		21	12		11	30	23	19	21		44	STnc2040		sRNA	1819352	1819414	-			SL1344_STnc2040
STnc3610	49	28	47	28	42		27		55	60	46	90	39	44	46		31	44		127	102	109	47	135		13	STnc3610		sRNA	1850045	1850400	-			SL1344_STnc3610
STnc3620	19	21	94	111	53		23		8	29	32	136	66	56	61		79	116		20	44	121	33	51		18	STnc3620		sRNA	1866668	1866747	+			SL1344_STnc3620
STnc3630	11	24	84	380	46		19		45	73	20	39	31	22	644		966	94		17	56	125	56	112		18	STnc3630		sRNA	1894039	1894125	+			SL1344_STnc3630
STnc1130	47	40	47	41	15		38		43	67	34	100	62	37	50		57	44		88	91	247	55	171		45	STnc1130		sRNA	1913615	1913755	-			SL1344_STnc1130
STnc3640	11	21	49	42	29		28		70	37	26	40	16	32	40		39	45		40	41	59	50	137		18	STnc3640		sRNA	1915824	1916082	+			SL1344_STnc3640
SraC	122	146	414	504	179		219		525	506	315	471	166	271	159		262	640		495	765	760	2009	1956		330	RyeA		sRNA	1925543	1925853	+			SL1344_SraC
SdsR	1079	826	2196	7456	179771		1447		918	1459	851	2134	1333	899	2215		4402	2530		1710	5446	44010	2263	2425		2120	RyeB tpke79		sRNA	1925621	1925723	-			SL1344_SdsR
STnc1690	131	273	262	710	546		102		210	359	275	337	8	263	343		208	251		776	378	161	348	451		252	STnc1690		sRNA	1931455	1931546	+			SL1344_STnc1690
STnc200	44	103	77	87	74		56		146	38	82	86	70	130	258		127	71		99	112	100	164	138		24	STnc200		sRNA	1937130	1937244	-			SL1344_STnc200
RyeF	21	25	19	20	221		19		192	19	16	92	30	23	28		75	26		35	63	386	22	30		600	RyeF	STnc860	sRNA	1958513	1958819	-			SL1344_RyeF
STnc2180	5088	4025	4532	621	3		10257		10368	2792	7502	11252	1519	1702	1913		1566	2069		4603	1317	2441	153	1918		248	STnc2180		sRNA	1992863	1992913	-			SL1344_STnc2180
DsrA	489	1373	1526	1922	880		1076		2097	1911	800	3081	812	1315	3961		1691	891		2152	1629	1926	2329	6406		168	DsrA		sRNA	2026216	2026302	-			SL1344_DsrA
RseX	6	4	16	15	7		3		7	5	7	34	7	4	8		4	5		19	8	9	15	14		4	RseX		sRNA	2034743	2034837	+			SL1344_RseX
STnc1280	235	602	1048	3232	3801		398		435	838	521	575	254	800	1882		1591	1257		2461	7826	2759	2559	2312		4611	STnc1280		sRNA	2039984	2040056	+			SL1344_STnc1280
STnc1290	5735	6535	5277	8546	17947		5987		2528	5745	5914	9341	368	6771	7100		8116	7913		15375	18459	7547	12044	11948		16858	STnc1290		sRNA	2070801	2070988	-			SL1344_STnc1290
STnc1300	1597	1431	1149	2256	426		1760		1023	1104	1222	2722	216	1771	2375		2690	2799		6747	4642	3825	4691	5090		2798	STnc1300		sRNA	2071271	2071409	+			SL1344_STnc1300
STnc1310	138	230	408	572	49		77		241	451	243	530	434	189	532		582	316		425	211	925	679	1109		65	STnc1310		sRNA	2073265	2073338	+			SL1344_STnc1310
STnc2050	1049	1608	549	141	5		1833		6428	2233	1299	1563	779	989	249		100	301		927	219	80	17	63		38	STnc2050		sRNA	2082064	2082105	+			SL1344_STnc2050
STnc3680	163	214	138	156	35		197		206	266	245	92	60	194	137		141	125		86	126	48	64	102		67	STnc3680		sRNA	2088048	2088167	+			SL1344_STnc3680
STnc1530	15	40	40	92	133		25		52	75	50	58	15	37	82		108	81		35	110	196	79	165		28	STnc1530		sRNA	2101640	2101718	+			SL1344_STnc1530
STnc3700	51	25	25	68	39		24		50	44	93	95	28	36	101		65	33		80	102	187	163	148		29	STnc3700		sRNA	2131885	2131995	+			SL1344_STnc3700
STnc1650	46	62	59	93	69		47		69	106	55	60	32	62	117		137	82		65	88	127	112	172		20	STnc1650		sRNA	2132959	2133102	+			SL1344_STnc1650
STnc700	1726	1445	1626	1526	330		1437		3986	2397	1755	2529	1164	1747	2887		1881	1379		3116	3205	2054	2589	3990		727	STnc700		sRNA	2147102	2147280	+			SL1344_STnc700
STnc1320	25	44	33	48	47		30		34	42	61	52	41	55	88		74	45		52	61	89	85	106		17	STnc1320		sRNA	2174386	2174470	+			SL1344_STnc1320
RyeC	732	1459	3084	7271	1988		469		664	1931	981	2753	150	2400	4452		5003	3665		3731	5317	2718	4515	3415		4063	tp11 SibA		sRNA	2211623	2211760	+			SL1344_RyeC
STnc1150	325	392	513	489	219		143		372	548	427	434	577	423	332		247	410		750	736	1041	1079	847		262	STnc2060		sRNA	2222979	2223134	+			SL1344_STnc1150
CyaR	427	2696	13089	17655	797		1239		4405	7124	430	1267	4980	1415	12192		6037	880		3668	458	144	2048	1086		3017	ryeE		sRNA	2228847	2228932	+			SL1344_CyaR
STnc740	76	58	79	119	164		78		86	119	71	292	100	95	94		69	72		181	95	143	180	255		61	STnc740		sRNA	2240283	2240366	-			SL1344_STnc740
STnc1890	13	49	37	125	1511		15		60	10	42	60	7	68	60		44	54		36	127	316	274	240		21	STnc1890		sRNA	2250891	2250938	+			SL1344_STnc1890
STnc3720	11	12	31	85	69		8		21	19	19	46	13	29	74		53	40		17	57	181	54	127		10	STnc3720		sRNA	2264259	2264328	+			SL1344_STnc3720
STnc1330	69	69	311	584	1034		137		60	86	50	1666	223	119	294		400	342		209	479	1545	508	1799		335	STnc1330		sRNA	2268274	2268414	+			SL1344_STnc1330
STnc3010	143	136	207	121	16		182		185	189	131	198	208	174	245		197	165		200	155	127	146	245		94	STnc3010		sRNA	2310959	2311126	-			SL1344_STnc3010
STnc1340	250	88	166	1363	217		104		271	1736	224	181	125	150	1432		652	117		120	103	121	186	158		61	STnc1340		sRNA	2319956	2320037	-			SL1344_STnc1340
STnc1540	94	188	155	366	190		100		76	188	182	240	40	219	272		283	215		339	266	108	145	203		54	STnc1540		sRNA	2321042	2321137	-			SL1344_STnc1540
IsrG	7	6	4	2	0		2		4	2	5	2	2	7	1		3	9		6	7	10	0	2		3	IsrG		sRNA	2342448	2342729	+			SL1344_IsrG
MicF	641	961	936	322	1579		969		647	2824	3859	2160	3796	2267	3473		3367	1175		59	333	2024	707	608		1527	MicF		sRNA	2364629	2364721	+			SL1344_MicF
IsrH_1_2	2	2	2	6	13		1		0	2	2	11	1	2	4		1	4		3	81	104	25	25		52	IsrH_1_2		sRNA	2392019	2392469	-			SL1344_IsrH_1_2
STnc1550	82	84	265	224	120		53		92	176	78	139	98	79	189		170	100		117	52	74	109	123		42	STnc1550		sRNA	2437665	2437806	+			SL1344_STnc1550
STnc1560	238	1333	491	534	405		399		692	1670	1589	1168	181	1305	1694		997	539		325	1093	292	664	530		134	STnc1560		sRNA	2449075	2449183	+			SL1344_STnc1560
STnc3730	7	22	32	41	25		11		18	32	47	42	28	22	30		24	30		60	162	135	85	63		141	STnc3730		sRNA	2449087	2449281	-			SL1344_STnc3730
STnc3740	27	39	45	137	943		27		10	33	27	76	7	56	80		126	146		105	247	302	125	169		111	STnc3740		sRNA	2459768	2459846	+			SL1344_STnc3740
STnc3750	0	6	31	62	155		9		3	10	5	70	19	12	26		35	46		19	121	170	40	94		180	STnc3750		sRNA	2503726	2503803	-			SL1344_STnc3750
tpke70	3	7	6	6	4		5		21	9	3	11	6	5	8		5	9		5	6	11	3	10		9	tpke70		sRNA	2513324	2513722	-			SL1344_tpke70
STnc3760	35	60	52	65	20		33		44	62	69	108	44	101	248		174	72		68	65	53	185	146		28	STnc3760		sRNA	2515508	2515633	+			SL1344_STnc3760
STnc2070	1333	866	706	831	301		1654		1745	1266	726	2209	421	1245	891		1018	1443		693	1508	1939	1097	1779		985	STnc1370		sRNA	2672469	2672567	-			SL1344_STnc2070
RyfA	91	130	144	181	26		53		60	72	139	111	164	179	214		313	202		109	356	383	363	202		351	tp1 PAIR3		sRNA	2672651	2672944	+			SL1344_RyfA
GlmY	2514	2769	1871	2323	1668		1423		2287	1358	2015	3127	316	3109	1496		2692	3650		6174	7565	3959	3198	1660		9838	tke1 sroF		sRNA	2705381	2705564	-			SL1344_GlmY
STnc1380	196	393	287	857	19		470		213	255	404	725	41	563	729		856	784		523	726	322	607	565		252	STnc1380		sRNA	2729634	2729701	-			SL1344_STnc1380
STnc3770	80	84	37	64	15		146		258	202	77	149	42	91	127		79	62		88	92	72	69	143		34	STnc3770		sRNA	2743288	2743373	+			SL1344_STnc3770
STnc1920	90	75	134	205	122		66		61	137	105	148	113	74	202		130	105		189	139	192	112	270		157	STnc1920		sRNA	2756549	2756646	+			SL1344_STnc1920
IsrI	20	11	32	31	31		26		39	7	10	37	12	15	25		31	38		16	26	77	22	67		52	IsrI		sRNA	2759018	2759265	-			SL1344_IsrI
STnc2080	325	322	695	1684	8790		277		420	467	407	632	312	363	762		1013	573		832	2077	4264	1734	1989		731	STnc2080		sRNA	2759410	2759518	-			SL1344_STnc2080
IsrJ	554	541	501	393	1615		330		452	489	690	1537	461	666	706		597	817		504	640	841	1395	975		236	IsrJ		sRNA	2759646	2759717	-			SL1344_IsrJ
STnc1160	3572	4282	3105	9748	35021		3176		1267	4472	4952	5341	402	6464	4978		6457	5688		9896	13058	7621	9412	6977		9283	STnc1160		sRNA	2760372	2760451	-			SL1344_STnc1160
IsrK	753	962	762	676	227		542		1099	559	1032	952	252	1478	571		524	994		807	1809	648	394	764		428	IsrK		sRNA	2760480	2760556	-			SL1344_IsrK
STnc1390	958	2464	1510	4065	1460		1382		1682	2718	2451	3146	323	2773	2482		2331	2223		2233	2031	1645	4300	3446		583	STnc1390		sRNA	2767704	2767767	+			SL1344_STnc1390
STnc1400	599	1565	1124	1189	52		728		1220	2440	1577	1034	97	1665	824		865	781		967	1082	1008	1278	906		267	STnc1400		sRNA	2770951	2771060	-			SL1344_STnc1400
STnc3160	39	70	244	141	544		63		96	52	79	81	90	103	288		199	102		75	122	73	31	191		39	STnc3160		sRNA	2807810	2807900	-			SL1344_STnc3160
STnc2090	17	110	321	2635	3166		76		116	149	44	450	444	367	34766		15409	292		216	389	638	4071	1365		2741	STnc2090		sRNA	2808306	2808464	+			SL1344_STnc2090
sRNA3	318	392	435	719	175		588		2461	1973	419	1360	623	599	768		673	532		920	697	846	929	2080		593	sRNA3		sRNA	2808504	2808645	+			SL1344_sRNA3
STnc3790	20	8	17	16	15		13		41	26	5	43	19	11	46		40	26		19	16	26	100	77		8	STnc3790		sRNA	2810663	2810737	+			SL1344_STnc3790
STnc3800	108	127	118	80	173		72		100	121	201	273	144	192	218		108	122		103	163	275	340	265		70	STnc3800		sRNA	2824672	2825000	-			SL1344_STnc3800
STnc4230	162	220	196	125	26		479		229	514	278	88	228	268	80		160	176		205	177	145	71	200		47	STnc4230		sRNA	2831934	2832038	+			SL1344_STnc4230
IsrL	17	8	20	16	2		3		11	10	14	11	21	14	17		17	17		17	13	10	8	17		22	IsrL		sRNA	2850244	2850588	-			SL1344_IsrL
STnc3070	112	190	124	363	374		102		86	655	162	563	341	323	962		383	169		173	154	316	737	574		81	STnc3070		sRNA	2851166	2851225	-			SL1344_STnc3070
IsrM	3	1	2	1	0		2		3	1	0	4	1	3	6		4	2		2	3	5	1	3		5	IsrM		sRNA	2927616	2927944	+			SL1344_IsrM
IsrN	0	0	1	0	0		1		1	0	0	1	1	0	0		1	1		0	0	0	0	0		1	IsrN		sRNA	2929501	2929643	+			SL1344_IsrN
STnc3080	18	27	3	0	48		5		29	38	16	49	117	549	19		6	5		12	1	2	135	31		172	STnc3080		sRNA	2974260	2974404	-			SL1344_STnc3080
MicA	752	754	345	1076	18099		598		14602	1871	772	11784	643	542	4487		12356	617		370	2352	29492	3853	3129		5701	sraD		sRNA	2989429	2989502	+			SL1344_MicA
C0664	1	0	1	0	0		3		0	0	3	2	0	1	4		2	1		2	1	1	0	87		1	C0664		sRNA	3010214	3010321	+			SL1344_C0664
STnc4240	469	355	293	90	26		654		580	535	280	484	312	426	239		148	193		256	95	54	12	155		52	STnc4240		sRNA	3037101	3037394	+			SL1344_STnc4240
STnc3020	9	16	8	10	8		8		19	10	9	39	5	17	26		12	5		17	260	311	94	75		21	STnc3020		sRNA	3038687	3038786	+			SL1344_STnc3020
STnc1410	49	48	56	50	216		68		104	112	33	180	49	64	101		83	53		56	35	67	101	125		36	STnc1410		sRNA	3048830	3049012	+			SL1344_STnc1410
InvR	793	1005	9608	36360	11467		917		1073	1823	1012	1880	1167	1084	1171		12334	19044		2005	239	498	1564	2042		106	InvR	STnc270	sRNA	3067500	3067579	+			SL1344_InvR
STnc3140	112	57	53	93	214		50		66	59	297	311	64	71	47		20	58		3104	1554	1257	113	288		38	STnc3140		sRNA	3109885	3109981	-			SL1344_STnc3140
CsrB	4259	7091	7289	8198	813		8584		5249	6968	1690	3747	3576	7961	10759		9463	5373		4607	583	1477	3102	4113		774	CsrB		sRNA	3138160	3138522	-			SL1344_CsrB
GcvB	14899	25842	15786	6372	97		27460		14998	27465	18683	3830	41389	14080	22531		35270	20018		50	47	481	391	188		593	IS145		sRNA	3156779	3156979	+			SL1344_GcvB
STnc3830	52	46	57	66	78		84		65	197	53	248	77	55	195		34	43		45	39	56	258	109		20	STnc3830		sRNA	3186446	3186537	-			SL1344_STnc3830
OmrA	476	501	863	650	1912		750		572	1048	2103	1499	1457	1006	1403		1253	503		160	735	1589	951	544		1164	rygB		sRNA	3191584	3191670	-			SL1344_OmrA
OmrB	1719	1948	3137	1017	405		2227		2616	3048	8304	5469	4767	4220	4889		1729	855		255	2691	4764	3469	1654		4893	t59 rygA sraE		sRNA	3191785	3191870	-			SL1344_OmrB
STnc290	300	403	880	1577	867		166		598	773	346	852	311	451	999		635	357		1070	586	921	1645	1739		229	STnc290		sRNA	3215639	3215717	-			SL1344_STnc290
IsrO	74	60	56	34	35		60		141	107	48	129	67	74	68		49	63		29	33	72	26	48		44	IsrO		sRNA	3219100	3219300	+			SL1344_IsrO
SsrS	19703	38323	36214	64800	103396		24664		14411	39152	38360	55028	1899	39500	75230		66122	42290		34274	50266	46310	49347	46012		47193	6S		sRNA	3242594	3243000	+			SL1344_SsrS
RygC	1713	2774	4020	6251	4398		650		1001	3766	2496	1479	375	3634	1959		4326	6629		6099	8091	5698	2593	5210		4313	t27 SibC QUAD1c		sRNA	3243669	3243813	+			SL1344_RygC
STnc3030	58	54	157	90	23		110		209	265	27	47	175	54	126		44	30		59	50	36	19	32		72	STnc3030		sRNA	3250106	3250210	+			SL1344_STnc3030
STnc750	503	720	683	475	743		633		706	434	560	347	690	591	550		524	609		217	543	387	306	469		172	sRNA8		sRNA	3261185	3261273	-			SL1344_STnc750
STnc3150	13	39	10	14	6		35		67	50	25	108	74	77	69		19	20		19	47	134	28	76		30	STnc3150		sRNA	3273499	3273824	-			SL1344_STnc3150
STnc3850	43	47	55	39	5		105		60	69	66	27	57	82	73		31	28		32	37	29	19	40		21	STnc3850		sRNA	3275931	3276099	-			SL1344_STnc3850
STnc3860	17	18	13	34	69		9		17	160	11	30	24	26	40		30	20		9	14	13	36	25		16	STnc3860		sRNA	3283748	3283844	-			SL1344_STnc3860
STnc3870	6	22	23	48	64		25		27	15	12	87	21	15	94		78	46		55	53	36	137	137		4555	STnc3870		sRNA	3296886	3297024	-			SL1344_STnc3870
STnc3880	6	12	113	106	34		8		43	68	10	60	33	22	18		14	30		50	37	155	77	200		27	STnc3880		sRNA	3305410	3305515	+			SL1344_STnc3880
STnc1170	9	6	27	186	15		3		26	12	10	33	11	17	380		547	49		14	17	11	5	32		78	STnc1170		sRNA	3312429	3312525	-			SL1344_STnc1170
STnc3890	101	92	135	250	216		113		240	223	189	481	45	210	100		127	152		208	349	166	563	944		58	STnc3890		sRNA	3322951	3323033	+			SL1344_STnc3890
STnc1820	273	207	176	115	205		244		504	272	399	738	105	266	289		235	177		114	110	132	535	216		45	STnc1820		sRNA	3349037	3349187	-			SL1344_STnc1820
STnc3920	1	1	0	2	601		1		2	0	3	9	1	3	1		1	2		0	3	3	5	2		2	STnc3920		sRNA	3349508	3349727	+			SL1344_STnc3920
SroG	565	639	461	299	10		822		817	489	699	471	477	714	587		590	309		505	499	400	190	266		576	SroG		sRNA	3379312	3379412	-			SL1344_SroG
STnc1420	43	140	153	155	51		70		125	273	172	86	42	89	278		187	62		104	130	112	200	150		81	STnc1420		sRNA	3382981	3383131	+			SL1344_STnc1420
RygD	2167	2974	3548	7772	4240		855		1276	4194	2417	3578	393	4654	4628		6737	6402		7087	7059	4667	5731	5888		7156	tp8 SibD C0730		sRNA	3383000	3383144	-			SL1344_RygD
SraF	1199	1210	1957	1694	467		1514		8198	1105	960	3069	371	1401	472		453	1431		1852	531	705	233	1155		362	tpk1 IS160 PRE-element		sRNA	3412774	3412961	+			SL1344_SraF
STnc310	15	16	75	24	70		18		133	30	44	154	25	26	7		2	69		13	22	49	128	245		5	STnc310		sRNA	3413972	3414032	-			SL1344_STnc310
SraG	2111	1525	1396	919	132		2468		2392	2189	1834	1136	1843	1747	859		939	1038		1496	930	848	379	1396		542	SraG		sRNA	3472142	3472312	-			SL1344_SraG
STnc3950	44	59	31	28	25		23		70	53	69	68	24	65	87		55	43		24	35	46	56	79		15	STnc3950		sRNA	3480987	3481116	-			SL1344_STnc3950
STnc1660	223	246	249	164	20		234		475	161	145	394	148	199	129		120	254		280	72	62	35	60		404	STnc1660		sRNA	3489125	3489247	-			SL1344_STnc1660
STnc3960	24	40	47	31	55		30		89	41	50	61	23	58	90		92	65		47	46	77	73	109		12	STnc3960		sRNA	3491490	3491592	+			SL1344_STnc3960
STnc3970	95	194	117	164	33		47		170	209	276	153	30	246	332		236	115		105	253	268	399	515		35	STnc3970		sRNA	3507628	3507677	-			SL1344_STnc3970
ArcZ	3733	4072	21577	36725	60795		6118		6454	8420	3546	10410	16659	6617	12031		12378	7782		16236	15219	16181	18390	22685		2766	SraH ryhA		sRNA	3511800	3511917	+			SL1344_ArcZ
STnc3060	54	61	44	52	9		62		68	114	84	339	137	149	94		78	63		97	58	85	86	134		60	STnc3060		sRNA	3533708	3533783	+			SL1344_STnc3060
STnc3050	21	41	36	125	63		14		15	47	49	77	9	38	69		67	53		91	217	169	147	90		252	STnc3050		sRNA	3543529	3543654	-			SL1344_STnc3050
IstR	272	179	175	151	298		213		402	399	240	617	51	183	185		316	194		170	132	553	951	535		94	IstR-12	IstR-1_2	sRNA	4019329	4019460	-			SL1344_IstR-1_2
STnc2100	32	26	9	14	4		62		43	26	107	57	15	13	18		23	21		24	33	110	40	109		18	STnc2100		sRNA	3550903	3550965	+			SL1344_STnc2100
STnc3990	69	58	63	54	25		59		68	77	82	135	105	83	70		67	82		51	52	110	57	127		36	STnc3990		sRNA	3587262	3587429	-			SL1344_STnc3990
STnc1670	3	2	19	105	9		1		4	143	1	17	41	1	423		166	5		5	5	13	59	15		30	STnc1670		sRNA	3593794	3593896	+			SL1344_STnc1670
STnc4000	48	44	11	12	195		14		36	63	56	81	139	240	7		7	31		34	8	30	280	58		36	STnc4000		sRNA	3619657	3619755	+			SL1344_STnc4000
STnc1590	1382	1787	1575	1792	879		1777		1835	2200	2470	3933	810	2503	2384		1956	1649		2097	1828	1223	1041	2231		1006	STnc1590		sRNA	3633247	3633424	-			SL1344_STnc1590
STnc340	32	20	28	21	45		37		64	27	50	63	16	29	22		15	13		17	19	31	23	24		8	STnc340		sRNA	3657275	3657403	-			SL1344_STnc340
STnc760	59	81	151	182	27		68		46	109	104	184	158	111	143		153	220		260	2128	2587	3683	3381		138	STnc760		sRNA	3684975	3685117	-			SL1344_STnc760
STnc4010	3	3	11	14	69		3		0	4	4	86	5	8	17		25	33		5	4	34	19	31		8	STnc4010		sRNA	3729767	3729899	+			SL1344_STnc4010
RyhB-1	207	125	36	38	3678		64		315	404	114	52	1127	20615	57		26	29		104	24	28	17127	895		5263	SraI IS176 RfrA		sRNA	3736723	3736818	-			SL1344_RyhB-1
STnc1830	9	7	18	15	13		6		11	15	12	67	7	15	17		16	18		36	38	60	66	142		11	STnc1830		sRNA	3739679	3739898	-			SL1344_STnc1830
sRNA12	0	3	8	12	48		7		3	2	3	17	3	10	21		11	20		4	14	39	11	35		17	sRNA12		sRNA	3755045	3755125	-			SL1344_sRNA12
STnc770	240	205	316	482	174		147		404	451	203	705	315	208	929		757	295		207	158	189	350	288		128	sRNA6		sRNA	3778181	3778333	-			SL1344_STnc770
STnc350	124	103	102	92	21		94		115	226	128	252	142	149	315		178	111		9	19	88	38	42		19	STnc350		sRNA	3782696	3782857	-			SL1344_STnc350
STnc4020	57	95	109	40	3		79		156	157	169	89	65	204	121		71	72		48	164	43	16	151		13	STnc4020		sRNA	3801175	3801266	+			SL1344_STnc4020
STnc710	5997	11108	14488	13600	9193		9731		14390	19712	21162	17425	687	11792	14272		18261	12977		11315	14430	22782	6900	25130		1250	STnc710		sRNA	3829661	3829728	+			SL1344_STnc710
STnc1430	164	351	462	662	75		140		177	236	260	200	202	355	750		554	336		262	363	175	360	254		308	STM3624.1N		sRNA	3829428	3829797	-			SL1344_STnc1430
STnc780	206	222	180	153	49		233		254	262	214	646	251	162	155		108	117		179	96	128	113	274		130	STnc780		sRNA	3858666	3858993	-			SL1344_STnc780
STnc380	48	20	13	10	19		27		56	82	34	134	22	23	11		29	155		25	86	311	194	107		20	STnc380		sRNA	3906945	3907052	-			SL1344_STnc380
AmgR	1	3	3	4	6		2		2	2	5	18	2	3	3		3	4		3	6	15	5	9		3	AmgR		sRNA	3985660	3986859	+			SL1344_AmgR
STnc4040	27	59	59	81	27		28		25	61	53	65	79	56	423		58	48		83	61	119	22	131		35	STnc4040		sRNA	3993822	3993945	-			SL1344_STnc4040
STnc2110	51	112	17	34	6		29		233	34	47	873	121	270	30		28	63		56	47	42	60	574		88	STnc2110		sRNA	4030646	4030702	-			SL1344_STnc2110
STnc4250	406	458	374	120	14		406		819	474	590	88	346	376	186		133	235		304	258	63	126	75		93	STnc4250		sRNA	4069297	4069429	+			SL1344_STnc4250
STnc3170	5	4	9	43	13		6		13	7	6	19	27	7	32		19	20		24	118	417	188	49		128	STnc3170		sRNA	4070923	4071038	-			SL1344_STnc3170
STnc400	18710	32128	93064	103597	150282		97383		43691	72005	58370	29031	8582	52871	86577		198489	126615		37644	30136	26054	102216	129556		7522	STnc400		sRNA	4072457	4072530	+			SL1344_STnc400
STnc1860	97	549	363	617	137		366		363	814	540	674	41	647	789		275	472		178	957	706	488	374		161	STnc1860		sRNA	4081219	4081303	-			SL1344_STnc1860
GlmZ	3741	4657	5081	1751	533		3127		4244	4503	3956	2479	1948	3993	2201		4148	3939		3726	7752	10688	2850	2459		1659	k19 ryiA SraJ		sRNA	4163193	4163400	+			SL1344_GlmZ
STnc790	16	73	600	194	267		6		38	82	35	201	52	57	67		18	56		48	33	21	79	66		89	STnc790		sRNA	4209486	4209681	-			SL1344_STnc790
Spf	18937	15161	1138	698	416		25260		19184	15860	21879	14171	13838	14498	3873		3776	8602		15148	17493	17079	25984	27488		2487	Spot 42		sRNA	4230505	4230614	+			SL1344_Spf
CsrC	5133	4070	10563	15523	3411		2632		4189	5327	1605	3305	8109	4261	8238		10943	7249		6321	2533	2730	2972	3521		1880	SraK RyiB tpk2		sRNA	4231596	4231839	+			SL1344_CsrC
STnc800	235	1163	242	208	5		686		878	1241	190	435	870	738	647		143	273		1583	2570	183	3238	2515		244	STnc800		sRNA	4236852	4237036	-			SL1344_STnc800
STnc3120	29	21	71	68	281		15		26	39	37	246	41	50	90		69	109		28	47	121	124	175		12	STnc3120		sRNA	4249943	4250101	+			SL1344_STnc3120
STnc870	807	1126	1765	4517	14391		997		994	965	336	3859	995	654	452		752	2008		1997	38	45	64	60		1520	STnc870		sRNA	4292541	4292598	+			SL1344_STnc870
IsrP	64	45	67	26	5		53		102	60	37	39	58	64	17		25	37		59	58	57	20	28		35	IsrP		sRNA	4328158	4328305	+			SL1344_IsrP
STnc4070	29	33	34	32	7		24		48	74	49	69	27	52	136		74	32		12	22	19	55	118		8	STnc4070		sRNA	4334758	4334856	-			SL1344_STnc4070
STnc4080	6	7	5	3	46		12		17	12	12	7	4	9	7		9	7		27	42	33	445	23		4	STnc4080		sRNA	4339806	4339930	-			SL1344_STnc4080
STnc1600	45	43	113	204	37		51		93	134	67	86	153	71	317		135	69		105	88	164	135	216		90	STnc1600		sRNA	4356617	4356687	+			SL1344_STnc1600
OxyS	93	111	68	42	75		52		122	154	564	136	2131	116	122		1263	3798		43	75	55	21569	445		598	OxyS		sRNA	4364306	4364424	-			SL1344_OxyS
STnc3490	119	36	40	18	23		50		89	46	67	310	34	55	52		25	63		49	25	28	89	70		6	STnc3490		sRNA	4395604	4395692	-			SL1344_STnc3490
STnc1460	2137	8427	5584	5532	142		2695		4043	4376	8226	6488	327	6880	5305		2312	2522		5782	7491	3614	5500	3082		1486	STnc1460		sRNA	4403811	4404050	-			SL1344_STnc1460
STnc4100	61	44	59	82	15		102		62	96	65	39	21	68	92		109	69		57	105	119	69	168		28	STnc4100		sRNA	4448721	4448838	+			SL1344_STnc4100
STnc810	14	422	240	391	14		61		354	405	69	149	225	184	1844		48	14		56	22	22	36	53		22	STnc2120		sRNA	4467935	4467989	-			SL1344_STnc810
STnc2130	72	887	1153	1182	374		316		925	638	1038	461	146	722	3847		2875	1217		211	446	531	510	492		141	STnc2130		sRNA	4475778	4475868	+			SL1344_STnc2130
STnc880	1018	1284	5325	2787	3105		9304		2948	5280	445	395	3264	1027	1102		1260	1114		1190	288	197	241	445		461	STnc880		sRNA	4486746	4486824	+			SL1344_STnc880
SraL	10	22	141	531	2157		12		9	27	10	391	17	54	229		807	366		64	835	3319	664	703		464	ryjA		sRNA	4526163	4526303	-			SL1344_SraL
STnc630	727	914	1021	675	170		986		1472	2351	1643	3210	1481	844	514		1342	1389		1565	9748	14130	35790	9683		856	STnc2140		sRNA	4553814	4553973	+			SL1344_STnc630
STnc1180	24	23	48	57	24		15		15	21	14	32	44	20	38		389	133		32	32	47	59	64		17	STnc1180		sRNA	4559884	4559978	-			SL1344_STnc1180
STnc4110	9	27	47	60	73		17		22	25	31	121	36	41	115		51	27		43	29	26	215	86		4	STnc4110		sRNA	4562398	4562462	+			SL1344_STnc4110
STnc440	289	386	2024	5074	2251		459		504	889	2386	2418	1201	409	1008		3144	2365		910	22194	36333	18429	3189		42098	STnc440		sRNA	4580486	4580566	+			SL1344_STnc440
STnc3000	19	22	41	37	13		30		90	46	58	194	4	88	8		12	42		51	38	57	163	164		3	STnc3000		sRNA	4591419	4591506	+			SL1344_STnc3000
STnc4120	86	85	109	87	117		81		87	96	96	136	154	112	169		90	65		68	77	169	127	172		52	STnc4120		sRNA	4650288	4650411	-			SL1344_STnc4120
STnc1740	113	115	75	42	19		228		126	233	135	102	217	149	212		103	66		59	41	53	32	88		16	STnc1740		sRNA	4683334	4683513	-			SL1344_STnc1740
STnc2160	2	32	61	108	9		13		42	31	19	64	35	11	383		103	25		32	31	31	57	85		5	STnc2160		sRNA	4683637	4683700	-			SL1344_STnc2160
IsrQ	1	1	3	0	0		2		2	1	1	0	1	4	0		1	1		2	1	0	0	1		7	IsrQ		sRNA	4783575	4783742	+			SL1344_IsrQ
STnc4260	31	16	49	25	31		4		57	61	50	599	32	35	8		14	72		32	14	34	178	145		18	STnc4260		sRNA	4791125	4791218	+			SL1344_STnc4260
STnc4130	28	49	73	122	74		35		123	129	100	310	20	84	190		168	71		144	110	121	345	233		9	STnc4130		sRNA	4796789	4796864	-			SL1344_STnc4130
STnc1470	1717	3216	2177	3910	3371		2537		805	1183	2797	10507	90	3193	3377		3539	3018		5309	5779	2167	7553	5723		2610	STnc1470		sRNA	4797958	4798032	+			SL1344_STnc1470
STnc4140	70	162	180	225	270		50		122	124	139	134	72	176	513		266	103		86	140	175	220	387		78	STnc4140		sRNA	4846459	4846541	-			SL1344_STnc4140
